image: ntut0215B1_ALL.pgm
resolution: 0.050000
origin: [-33.765656, -46.751688, 0.000000]
negate: 0
occupied_thresh: 0.65
free_thresh: 0.196

